{
 "cells": [
  {
   "cell_type": "markdown",
   "metadata": {},
   "source": [
    "The following notebook contains code for various multivariate analysis. "
   ]
  },
  {
   "cell_type": "markdown",
   "metadata": {},
   "source": [
    "# \n",
    "Write a Python code to compute $\\bar x, S, R$ from data `auto.dat`. Although Python has built-in functions to get the answer, you are supposed to write a code to do it. Make sure you get the right answer by comparing with the result of built-in functions. Use the following variables for the calculation: “price, mpg, hroom, rseat, weight, length, gratio”."
   ]
  },
  {
   "cell_type": "code",
   "execution_count": 1,
   "metadata": {},
   "outputs": [],
   "source": [
    "import pandas as pd\n",
    "import numpy as np"
   ]
  },
  {
   "cell_type": "code",
   "execution_count": 2,
   "metadata": {},
   "outputs": [
    {
     "data": {
      "text/html": [
       "<div>\n",
       "<style scoped>\n",
       "    .dataframe tbody tr th:only-of-type {\n",
       "        vertical-align: middle;\n",
       "    }\n",
       "\n",
       "    .dataframe tbody tr th {\n",
       "        vertical-align: top;\n",
       "    }\n",
       "\n",
       "    .dataframe thead th {\n",
       "        text-align: right;\n",
       "    }\n",
       "</style>\n",
       "<table border=\"1\" class=\"dataframe\">\n",
       "  <thead>\n",
       "    <tr style=\"text-align: right;\">\n",
       "      <th></th>\n",
       "      <th>model</th>\n",
       "      <th>origin</th>\n",
       "      <th>price</th>\n",
       "      <th>mpg</th>\n",
       "      <th>rep78</th>\n",
       "      <th>rep77</th>\n",
       "      <th>hroom</th>\n",
       "      <th>rseat</th>\n",
       "      <th>trunk</th>\n",
       "      <th>weight</th>\n",
       "      <th>length</th>\n",
       "      <th>turn</th>\n",
       "      <th>displa</th>\n",
       "      <th>gratio</th>\n",
       "    </tr>\n",
       "  </thead>\n",
       "  <tbody>\n",
       "    <tr>\n",
       "      <th>0</th>\n",
       "      <td>AMC CONCORD</td>\n",
       "      <td>A</td>\n",
       "      <td>4099</td>\n",
       "      <td>22</td>\n",
       "      <td>3.0</td>\n",
       "      <td>2.0</td>\n",
       "      <td>2.5</td>\n",
       "      <td>27.5</td>\n",
       "      <td>11</td>\n",
       "      <td>2930</td>\n",
       "      <td>186</td>\n",
       "      <td>40</td>\n",
       "      <td>121</td>\n",
       "      <td>3.58</td>\n",
       "    </tr>\n",
       "    <tr>\n",
       "      <th>1</th>\n",
       "      <td>AMC PACER</td>\n",
       "      <td>A</td>\n",
       "      <td>4749</td>\n",
       "      <td>17</td>\n",
       "      <td>3.0</td>\n",
       "      <td>1.0</td>\n",
       "      <td>3.0</td>\n",
       "      <td>25.5</td>\n",
       "      <td>11</td>\n",
       "      <td>3350</td>\n",
       "      <td>173</td>\n",
       "      <td>40</td>\n",
       "      <td>258</td>\n",
       "      <td>2.53</td>\n",
       "    </tr>\n",
       "    <tr>\n",
       "      <th>2</th>\n",
       "      <td>AMC SPIRIT</td>\n",
       "      <td>A</td>\n",
       "      <td>3799</td>\n",
       "      <td>22</td>\n",
       "      <td>NaN</td>\n",
       "      <td>NaN</td>\n",
       "      <td>3.0</td>\n",
       "      <td>18.5</td>\n",
       "      <td>12</td>\n",
       "      <td>2640</td>\n",
       "      <td>168</td>\n",
       "      <td>35</td>\n",
       "      <td>121</td>\n",
       "      <td>3.08</td>\n",
       "    </tr>\n",
       "    <tr>\n",
       "      <th>3</th>\n",
       "      <td>AUDI 5000</td>\n",
       "      <td>E</td>\n",
       "      <td>9690</td>\n",
       "      <td>17</td>\n",
       "      <td>5.0</td>\n",
       "      <td>2.0</td>\n",
       "      <td>3.0</td>\n",
       "      <td>27.0</td>\n",
       "      <td>15</td>\n",
       "      <td>2830</td>\n",
       "      <td>189</td>\n",
       "      <td>37</td>\n",
       "      <td>131</td>\n",
       "      <td>3.20</td>\n",
       "    </tr>\n",
       "    <tr>\n",
       "      <th>4</th>\n",
       "      <td>AUDI FOX</td>\n",
       "      <td>E</td>\n",
       "      <td>6295</td>\n",
       "      <td>23</td>\n",
       "      <td>3.0</td>\n",
       "      <td>3.0</td>\n",
       "      <td>2.5</td>\n",
       "      <td>28.0</td>\n",
       "      <td>11</td>\n",
       "      <td>2070</td>\n",
       "      <td>174</td>\n",
       "      <td>36</td>\n",
       "      <td>97</td>\n",
       "      <td>3.70</td>\n",
       "    </tr>\n",
       "  </tbody>\n",
       "</table>\n",
       "</div>"
      ],
      "text/plain": [
       "         model origin  price  mpg  rep78  rep77  hroom  rseat  trunk  weight  \\\n",
       "0  AMC CONCORD      A   4099   22    3.0    2.0    2.5   27.5     11    2930   \n",
       "1    AMC PACER      A   4749   17    3.0    1.0    3.0   25.5     11    3350   \n",
       "2   AMC SPIRIT      A   3799   22    NaN    NaN    3.0   18.5     12    2640   \n",
       "3    AUDI 5000      E   9690   17    5.0    2.0    3.0   27.0     15    2830   \n",
       "4     AUDI FOX      E   6295   23    3.0    3.0    2.5   28.0     11    2070   \n",
       "\n",
       "   length  turn  displa  gratio  \n",
       "0     186    40     121    3.58  \n",
       "1     173    40     258    2.53  \n",
       "2     168    35     121    3.08  \n",
       "3     189    37     131    3.20  \n",
       "4     174    36      97    3.70  "
      ]
     },
     "execution_count": 2,
     "metadata": {},
     "output_type": "execute_result"
    }
   ],
   "source": [
    "auto = pd.read_fwf(\"auto.dat\", header = None, widths = [19,4,6,3,2,2,4,5,3,5,4,3,4,4], \n",
    "                   na_values='.')\n",
    "auto.columns = ['model','origin', 'price', 'mpg', 'rep78', 'rep77', 'hroom', 'rseat', \n",
    "                'trunk', 'weight', 'length', 'turn', 'displa', 'gratio']\n",
    "auto.head(5)"
   ]
  },
  {
   "cell_type": "markdown",
   "metadata": {},
   "source": [
    "Before computing statistics, let's define basic variables."
   ]
  },
  {
   "cell_type": "code",
   "execution_count": 3,
   "metadata": {},
   "outputs": [
    {
     "data": {
      "text/html": [
       "<div>\n",
       "<style scoped>\n",
       "    .dataframe tbody tr th:only-of-type {\n",
       "        vertical-align: middle;\n",
       "    }\n",
       "\n",
       "    .dataframe tbody tr th {\n",
       "        vertical-align: top;\n",
       "    }\n",
       "\n",
       "    .dataframe thead th {\n",
       "        text-align: right;\n",
       "    }\n",
       "</style>\n",
       "<table border=\"1\" class=\"dataframe\">\n",
       "  <thead>\n",
       "    <tr style=\"text-align: right;\">\n",
       "      <th></th>\n",
       "      <th>price</th>\n",
       "      <th>mpg</th>\n",
       "      <th>hroom</th>\n",
       "      <th>rseat</th>\n",
       "      <th>weight</th>\n",
       "      <th>length</th>\n",
       "      <th>gratio</th>\n",
       "    </tr>\n",
       "  </thead>\n",
       "  <tbody>\n",
       "    <tr>\n",
       "      <th>0</th>\n",
       "      <td>4099</td>\n",
       "      <td>22</td>\n",
       "      <td>2.5</td>\n",
       "      <td>27.5</td>\n",
       "      <td>2930</td>\n",
       "      <td>186</td>\n",
       "      <td>3.58</td>\n",
       "    </tr>\n",
       "  </tbody>\n",
       "</table>\n",
       "</div>"
      ],
      "text/plain": [
       "   price  mpg  hroom  rseat  weight  length  gratio\n",
       "0   4099   22    2.5   27.5    2930     186    3.58"
      ]
     },
     "execution_count": 3,
     "metadata": {},
     "output_type": "execute_result"
    }
   ],
   "source": [
    "variable_of_interest = ['price', 'mpg', 'hroom', 'rseat', 'weight', 'length', 'gratio']\n",
    "auto_reduced = auto[variable_of_interest]\n",
    "n_rows, n_cols = auto_reduced.shape\n",
    "auto_reduced.head(1)"
   ]
  },
  {
   "cell_type": "markdown",
   "metadata": {},
   "source": [
    "## Computation of $\\bar{x}$. "
   ]
  },
  {
   "cell_type": "code",
   "execution_count": 4,
   "metadata": {},
   "outputs": [
    {
     "data": {
      "text/plain": [
       "price     6192.283784\n",
       "mpg         21.297297\n",
       "hroom        2.986486\n",
       "rseat       26.817568\n",
       "weight    3010.810811\n",
       "length     188.067568\n",
       "gratio       3.018108\n",
       "dtype: float64"
      ]
     },
     "execution_count": 4,
     "metadata": {},
     "output_type": "execute_result"
    }
   ],
   "source": [
    "auto_reduced.mean()"
   ]
  },
  {
   "cell_type": "code",
   "execution_count": 5,
   "metadata": {},
   "outputs": [
    {
     "data": {
      "text/html": [
       "<div>\n",
       "<style scoped>\n",
       "    .dataframe tbody tr th:only-of-type {\n",
       "        vertical-align: middle;\n",
       "    }\n",
       "\n",
       "    .dataframe tbody tr th {\n",
       "        vertical-align: top;\n",
       "    }\n",
       "\n",
       "    .dataframe thead th {\n",
       "        text-align: right;\n",
       "    }\n",
       "</style>\n",
       "<table border=\"1\" class=\"dataframe\">\n",
       "  <thead>\n",
       "    <tr style=\"text-align: right;\">\n",
       "      <th></th>\n",
       "      <th>price</th>\n",
       "      <th>mpg</th>\n",
       "      <th>hroom</th>\n",
       "      <th>rseat</th>\n",
       "      <th>weight</th>\n",
       "      <th>length</th>\n",
       "      <th>gratio</th>\n",
       "    </tr>\n",
       "  </thead>\n",
       "  <tbody>\n",
       "    <tr>\n",
       "      <th>mean</th>\n",
       "      <td>6192.283784</td>\n",
       "      <td>21.297297</td>\n",
       "      <td>2.986486</td>\n",
       "      <td>26.817568</td>\n",
       "      <td>3010.810811</td>\n",
       "      <td>188.067568</td>\n",
       "      <td>3.018108</td>\n",
       "    </tr>\n",
       "  </tbody>\n",
       "</table>\n",
       "</div>"
      ],
      "text/plain": [
       "            price        mpg     hroom      rseat       weight      length  \\\n",
       "mean  6192.283784  21.297297  2.986486  26.817568  3010.810811  188.067568   \n",
       "\n",
       "        gratio  \n",
       "mean  3.018108  "
      ]
     },
     "execution_count": 5,
     "metadata": {},
     "output_type": "execute_result"
    }
   ],
   "source": [
    "def get_mean(df):\n",
    "    '''\n",
    "    returns mean vector of input dataframe\n",
    "    \n",
    "    params \n",
    "    ------\n",
    "    df : pandas.DataFrame object\n",
    "    \n",
    "    return\n",
    "    ------\n",
    "    result : pandas.DataFrame object\n",
    "    '''\n",
    "    n_rows, _ = df.shape\n",
    "    ones = pd.DataFrame({'ones': np.ones(n_rows)})\n",
    "    result = (ones.transpose().dot(df) / n_rows).rename({'ones': 'mean'}, axis='index')\n",
    "    return result\n",
    "\n",
    "auto_reduced_mean = get_mean(auto_reduced)\n",
    "auto_reduced_mean"
   ]
  },
  {
   "cell_type": "markdown",
   "metadata": {},
   "source": [
    "## Computation of $S$."
   ]
  },
  {
   "cell_type": "code",
   "execution_count": 6,
   "metadata": {},
   "outputs": [
    {
     "data": {
      "text/html": [
       "<div>\n",
       "<style scoped>\n",
       "    .dataframe tbody tr th:only-of-type {\n",
       "        vertical-align: middle;\n",
       "    }\n",
       "\n",
       "    .dataframe tbody tr th {\n",
       "        vertical-align: top;\n",
       "    }\n",
       "\n",
       "    .dataframe thead th {\n",
       "        text-align: right;\n",
       "    }\n",
       "</style>\n",
       "<table border=\"1\" class=\"dataframe\">\n",
       "  <thead>\n",
       "    <tr style=\"text-align: right;\">\n",
       "      <th></th>\n",
       "      <th>price</th>\n",
       "      <th>mpg</th>\n",
       "      <th>hroom</th>\n",
       "      <th>rseat</th>\n",
       "      <th>weight</th>\n",
       "      <th>length</th>\n",
       "      <th>gratio</th>\n",
       "    </tr>\n",
       "  </thead>\n",
       "  <tbody>\n",
       "    <tr>\n",
       "      <th>price</th>\n",
       "      <td>8.632196e+06</td>\n",
       "      <td>-8086.619770</td>\n",
       "      <td>315.401148</td>\n",
       "      <td>3950.367549</td>\n",
       "      <td>1.270005e+06</td>\n",
       "      <td>28977.720289</td>\n",
       "      <td>-434.503565</td>\n",
       "    </tr>\n",
       "    <tr>\n",
       "      <th>mpg</th>\n",
       "      <td>-8.086620e+03</td>\n",
       "      <td>33.472047</td>\n",
       "      <td>-1.989078</td>\n",
       "      <td>-8.945020</td>\n",
       "      <td>-3.732025e+03</td>\n",
       "      <td>-103.239541</td>\n",
       "      <td>1.609200</td>\n",
       "    </tr>\n",
       "    <tr>\n",
       "      <th>hroom</th>\n",
       "      <td>3.154011e+02</td>\n",
       "      <td>-1.989078</td>\n",
       "      <td>0.705294</td>\n",
       "      <td>1.353665</td>\n",
       "      <td>3.280933e+02</td>\n",
       "      <td>9.672158</td>\n",
       "      <td>-0.140437</td>\n",
       "    </tr>\n",
       "    <tr>\n",
       "      <th>rseat</th>\n",
       "      <td>3.950368e+03</td>\n",
       "      <td>-8.945020</td>\n",
       "      <td>1.353665</td>\n",
       "      <td>9.777906</td>\n",
       "      <td>1.438712e+03</td>\n",
       "      <td>43.944002</td>\n",
       "      <td>-0.564117</td>\n",
       "    </tr>\n",
       "    <tr>\n",
       "      <th>weight</th>\n",
       "      <td>1.270005e+06</td>\n",
       "      <td>-3732.025176</td>\n",
       "      <td>328.093299</td>\n",
       "      <td>1438.711588</td>\n",
       "      <td>6.144925e+05</td>\n",
       "      <td>16777.615698</td>\n",
       "      <td>-268.835431</td>\n",
       "    </tr>\n",
       "    <tr>\n",
       "      <th>length</th>\n",
       "      <td>2.897772e+04</td>\n",
       "      <td>-103.239541</td>\n",
       "      <td>9.672158</td>\n",
       "      <td>43.944002</td>\n",
       "      <td>1.677762e+04</td>\n",
       "      <td>502.091262</td>\n",
       "      <td>-7.057953</td>\n",
       "    </tr>\n",
       "    <tr>\n",
       "      <th>gratio</th>\n",
       "      <td>-4.345036e+02</td>\n",
       "      <td>1.609200</td>\n",
       "      <td>-0.140437</td>\n",
       "      <td>-0.564117</td>\n",
       "      <td>-2.688354e+02</td>\n",
       "      <td>-7.057953</td>\n",
       "      <td>0.205394</td>\n",
       "    </tr>\n",
       "  </tbody>\n",
       "</table>\n",
       "</div>"
      ],
      "text/plain": [
       "               price          mpg       hroom        rseat        weight  \\\n",
       "price   8.632196e+06 -8086.619770  315.401148  3950.367549  1.270005e+06   \n",
       "mpg    -8.086620e+03    33.472047   -1.989078    -8.945020 -3.732025e+03   \n",
       "hroom   3.154011e+02    -1.989078    0.705294     1.353665  3.280933e+02   \n",
       "rseat   3.950368e+03    -8.945020    1.353665     9.777906  1.438712e+03   \n",
       "weight  1.270005e+06 -3732.025176  328.093299  1438.711588  6.144925e+05   \n",
       "length  2.897772e+04  -103.239541    9.672158    43.944002  1.677762e+04   \n",
       "gratio -4.345036e+02     1.609200   -0.140437    -0.564117 -2.688354e+02   \n",
       "\n",
       "              length      gratio  \n",
       "price   28977.720289 -434.503565  \n",
       "mpg      -103.239541    1.609200  \n",
       "hroom       9.672158   -0.140437  \n",
       "rseat      43.944002   -0.564117  \n",
       "weight  16777.615698 -268.835431  \n",
       "length    502.091262   -7.057953  \n",
       "gratio     -7.057953    0.205394  "
      ]
     },
     "execution_count": 6,
     "metadata": {},
     "output_type": "execute_result"
    }
   ],
   "source": [
    "auto_reduced.cov()"
   ]
  },
  {
   "cell_type": "code",
   "execution_count": 7,
   "metadata": {},
   "outputs": [
    {
     "data": {
      "text/html": [
       "<div>\n",
       "<style scoped>\n",
       "    .dataframe tbody tr th:only-of-type {\n",
       "        vertical-align: middle;\n",
       "    }\n",
       "\n",
       "    .dataframe tbody tr th {\n",
       "        vertical-align: top;\n",
       "    }\n",
       "\n",
       "    .dataframe thead th {\n",
       "        text-align: right;\n",
       "    }\n",
       "</style>\n",
       "<table border=\"1\" class=\"dataframe\">\n",
       "  <thead>\n",
       "    <tr style=\"text-align: right;\">\n",
       "      <th></th>\n",
       "      <th>price</th>\n",
       "      <th>mpg</th>\n",
       "      <th>hroom</th>\n",
       "      <th>rseat</th>\n",
       "      <th>weight</th>\n",
       "      <th>length</th>\n",
       "      <th>gratio</th>\n",
       "    </tr>\n",
       "  </thead>\n",
       "  <tbody>\n",
       "    <tr>\n",
       "      <th>price</th>\n",
       "      <td>8.632196e+06</td>\n",
       "      <td>-8086.619770</td>\n",
       "      <td>315.401148</td>\n",
       "      <td>3950.367549</td>\n",
       "      <td>1.270005e+06</td>\n",
       "      <td>28977.720289</td>\n",
       "      <td>-434.503565</td>\n",
       "    </tr>\n",
       "    <tr>\n",
       "      <th>mpg</th>\n",
       "      <td>-8.086620e+03</td>\n",
       "      <td>33.472047</td>\n",
       "      <td>-1.989078</td>\n",
       "      <td>-8.945020</td>\n",
       "      <td>-3.732025e+03</td>\n",
       "      <td>-103.239541</td>\n",
       "      <td>1.609200</td>\n",
       "    </tr>\n",
       "    <tr>\n",
       "      <th>hroom</th>\n",
       "      <td>3.154011e+02</td>\n",
       "      <td>-1.989078</td>\n",
       "      <td>0.705294</td>\n",
       "      <td>1.353665</td>\n",
       "      <td>3.280933e+02</td>\n",
       "      <td>9.672158</td>\n",
       "      <td>-0.140437</td>\n",
       "    </tr>\n",
       "    <tr>\n",
       "      <th>rseat</th>\n",
       "      <td>3.950368e+03</td>\n",
       "      <td>-8.945020</td>\n",
       "      <td>1.353665</td>\n",
       "      <td>9.777906</td>\n",
       "      <td>1.438712e+03</td>\n",
       "      <td>43.944002</td>\n",
       "      <td>-0.564117</td>\n",
       "    </tr>\n",
       "    <tr>\n",
       "      <th>weight</th>\n",
       "      <td>1.270005e+06</td>\n",
       "      <td>-3732.025176</td>\n",
       "      <td>328.093299</td>\n",
       "      <td>1438.711588</td>\n",
       "      <td>6.144925e+05</td>\n",
       "      <td>16777.615698</td>\n",
       "      <td>-268.835431</td>\n",
       "    </tr>\n",
       "    <tr>\n",
       "      <th>length</th>\n",
       "      <td>2.897772e+04</td>\n",
       "      <td>-103.239541</td>\n",
       "      <td>9.672158</td>\n",
       "      <td>43.944002</td>\n",
       "      <td>1.677762e+04</td>\n",
       "      <td>502.091262</td>\n",
       "      <td>-7.057953</td>\n",
       "    </tr>\n",
       "    <tr>\n",
       "      <th>gratio</th>\n",
       "      <td>-4.345036e+02</td>\n",
       "      <td>1.609200</td>\n",
       "      <td>-0.140437</td>\n",
       "      <td>-0.564117</td>\n",
       "      <td>-2.688354e+02</td>\n",
       "      <td>-7.057953</td>\n",
       "      <td>0.205394</td>\n",
       "    </tr>\n",
       "  </tbody>\n",
       "</table>\n",
       "</div>"
      ],
      "text/plain": [
       "               price          mpg       hroom        rseat        weight  \\\n",
       "price   8.632196e+06 -8086.619770  315.401148  3950.367549  1.270005e+06   \n",
       "mpg    -8.086620e+03    33.472047   -1.989078    -8.945020 -3.732025e+03   \n",
       "hroom   3.154011e+02    -1.989078    0.705294     1.353665  3.280933e+02   \n",
       "rseat   3.950368e+03    -8.945020    1.353665     9.777906  1.438712e+03   \n",
       "weight  1.270005e+06 -3732.025176  328.093299  1438.711588  6.144925e+05   \n",
       "length  2.897772e+04  -103.239541    9.672158    43.944002  1.677762e+04   \n",
       "gratio -4.345036e+02     1.609200   -0.140437    -0.564117 -2.688354e+02   \n",
       "\n",
       "              length      gratio  \n",
       "price   28977.720289 -434.503565  \n",
       "mpg      -103.239541    1.609200  \n",
       "hroom       9.672158   -0.140437  \n",
       "rseat      43.944002   -0.564117  \n",
       "weight  16777.615698 -268.835431  \n",
       "length    502.091262   -7.057953  \n",
       "gratio     -7.057953    0.205394  "
      ]
     },
     "execution_count": 7,
     "metadata": {},
     "output_type": "execute_result"
    }
   ],
   "source": [
    "def get_cov(df):\n",
    "    '''\n",
    "    returns covariance matrix of input dataframe\n",
    "    \n",
    "    params \n",
    "    ------\n",
    "    df : pandas.DataFrame object\n",
    "    \n",
    "    return\n",
    "    ------\n",
    "    result : pandas.DataFrame object\n",
    "    '''\n",
    "    n_rows, _ = df.shape\n",
    "    ones = pd.DataFrame({'ones': np.ones(n_rows)})\n",
    "    deviation = df - ones.dot(ones.transpose()).dot(df) / n_rows\n",
    "    result = deviation.transpose().dot(deviation) / (n_rows - 1)\n",
    "    return result\n",
    "auto_regduced_cov = get_cov(auto_reduced)\n",
    "auto_regduced_cov"
   ]
  },
  {
   "cell_type": "markdown",
   "metadata": {},
   "source": [
    "## Computation of $R$. "
   ]
  },
  {
   "cell_type": "code",
   "execution_count": 8,
   "metadata": {},
   "outputs": [
    {
     "data": {
      "text/html": [
       "<div>\n",
       "<style scoped>\n",
       "    .dataframe tbody tr th:only-of-type {\n",
       "        vertical-align: middle;\n",
       "    }\n",
       "\n",
       "    .dataframe tbody tr th {\n",
       "        vertical-align: top;\n",
       "    }\n",
       "\n",
       "    .dataframe thead th {\n",
       "        text-align: right;\n",
       "    }\n",
       "</style>\n",
       "<table border=\"1\" class=\"dataframe\">\n",
       "  <thead>\n",
       "    <tr style=\"text-align: right;\">\n",
       "      <th></th>\n",
       "      <th>price</th>\n",
       "      <th>mpg</th>\n",
       "      <th>hroom</th>\n",
       "      <th>rseat</th>\n",
       "      <th>weight</th>\n",
       "      <th>length</th>\n",
       "      <th>gratio</th>\n",
       "    </tr>\n",
       "  </thead>\n",
       "  <tbody>\n",
       "    <tr>\n",
       "      <th>price</th>\n",
       "      <td>1.000000</td>\n",
       "      <td>-0.475735</td>\n",
       "      <td>0.127825</td>\n",
       "      <td>0.429986</td>\n",
       "      <td>0.551425</td>\n",
       "      <td>0.440162</td>\n",
       "      <td>-0.326317</td>\n",
       "    </tr>\n",
       "    <tr>\n",
       "      <th>mpg</th>\n",
       "      <td>-0.475735</td>\n",
       "      <td>1.000000</td>\n",
       "      <td>-0.409379</td>\n",
       "      <td>-0.494444</td>\n",
       "      <td>-0.822896</td>\n",
       "      <td>-0.796368</td>\n",
       "      <td>0.613727</td>\n",
       "    </tr>\n",
       "    <tr>\n",
       "      <th>hroom</th>\n",
       "      <td>0.127825</td>\n",
       "      <td>-0.409379</td>\n",
       "      <td>1.000000</td>\n",
       "      <td>0.515470</td>\n",
       "      <td>0.498372</td>\n",
       "      <td>0.513981</td>\n",
       "      <td>-0.368980</td>\n",
       "    </tr>\n",
       "    <tr>\n",
       "      <th>rseat</th>\n",
       "      <td>0.429986</td>\n",
       "      <td>-0.494444</td>\n",
       "      <td>0.515470</td>\n",
       "      <td>1.000000</td>\n",
       "      <td>0.586938</td>\n",
       "      <td>0.627170</td>\n",
       "      <td>-0.398064</td>\n",
       "    </tr>\n",
       "    <tr>\n",
       "      <th>weight</th>\n",
       "      <td>0.551425</td>\n",
       "      <td>-0.822896</td>\n",
       "      <td>0.498372</td>\n",
       "      <td>0.586938</td>\n",
       "      <td>1.000000</td>\n",
       "      <td>0.955170</td>\n",
       "      <td>-0.756719</td>\n",
       "    </tr>\n",
       "    <tr>\n",
       "      <th>length</th>\n",
       "      <td>0.440162</td>\n",
       "      <td>-0.796368</td>\n",
       "      <td>0.513981</td>\n",
       "      <td>0.627170</td>\n",
       "      <td>0.955170</td>\n",
       "      <td>1.000000</td>\n",
       "      <td>-0.695015</td>\n",
       "    </tr>\n",
       "    <tr>\n",
       "      <th>gratio</th>\n",
       "      <td>-0.326317</td>\n",
       "      <td>0.613727</td>\n",
       "      <td>-0.368980</td>\n",
       "      <td>-0.398064</td>\n",
       "      <td>-0.756719</td>\n",
       "      <td>-0.695015</td>\n",
       "      <td>1.000000</td>\n",
       "    </tr>\n",
       "  </tbody>\n",
       "</table>\n",
       "</div>"
      ],
      "text/plain": [
       "           price       mpg     hroom     rseat    weight    length    gratio\n",
       "price   1.000000 -0.475735  0.127825  0.429986  0.551425  0.440162 -0.326317\n",
       "mpg    -0.475735  1.000000 -0.409379 -0.494444 -0.822896 -0.796368  0.613727\n",
       "hroom   0.127825 -0.409379  1.000000  0.515470  0.498372  0.513981 -0.368980\n",
       "rseat   0.429986 -0.494444  0.515470  1.000000  0.586938  0.627170 -0.398064\n",
       "weight  0.551425 -0.822896  0.498372  0.586938  1.000000  0.955170 -0.756719\n",
       "length  0.440162 -0.796368  0.513981  0.627170  0.955170  1.000000 -0.695015\n",
       "gratio -0.326317  0.613727 -0.368980 -0.398064 -0.756719 -0.695015  1.000000"
      ]
     },
     "execution_count": 8,
     "metadata": {},
     "output_type": "execute_result"
    }
   ],
   "source": [
    "auto_reduced.corr()"
   ]
  },
  {
   "cell_type": "markdown",
   "metadata": {},
   "source": [
    "First we need a function to get $std$ from the dataframe."
   ]
  },
  {
   "cell_type": "code",
   "execution_count": 9,
   "metadata": {
    "scrolled": true
   },
   "outputs": [
    {
     "data": {
      "text/html": [
       "<div>\n",
       "<style scoped>\n",
       "    .dataframe tbody tr th:only-of-type {\n",
       "        vertical-align: middle;\n",
       "    }\n",
       "\n",
       "    .dataframe tbody tr th {\n",
       "        vertical-align: top;\n",
       "    }\n",
       "\n",
       "    .dataframe thead th {\n",
       "        text-align: right;\n",
       "    }\n",
       "</style>\n",
       "<table border=\"1\" class=\"dataframe\">\n",
       "  <thead>\n",
       "    <tr style=\"text-align: right;\">\n",
       "      <th></th>\n",
       "      <th>price</th>\n",
       "      <th>mpg</th>\n",
       "      <th>hroom</th>\n",
       "      <th>rseat</th>\n",
       "      <th>weight</th>\n",
       "      <th>length</th>\n",
       "      <th>gratio</th>\n",
       "    </tr>\n",
       "  </thead>\n",
       "  <tbody>\n",
       "    <tr>\n",
       "      <th>std</th>\n",
       "      <td>2938.05992</td>\n",
       "      <td>5.785503</td>\n",
       "      <td>0.839818</td>\n",
       "      <td>3.126964</td>\n",
       "      <td>783.89571</td>\n",
       "      <td>22.407393</td>\n",
       "      <td>0.453204</td>\n",
       "    </tr>\n",
       "  </tbody>\n",
       "</table>\n",
       "</div>"
      ],
      "text/plain": [
       "          price       mpg     hroom     rseat     weight     length    gratio\n",
       "std  2938.05992  5.785503  0.839818  3.126964  783.89571  22.407393  0.453204"
      ]
     },
     "execution_count": 9,
     "metadata": {},
     "output_type": "execute_result"
    }
   ],
   "source": [
    "def get_std(df):\n",
    "    '''\n",
    "    returns standard deviation dataframe of input dataframe\n",
    "    \n",
    "    params \n",
    "    ------\n",
    "    df : pandas.DataFrame object\n",
    "    \n",
    "    return\n",
    "    ------\n",
    "    result : pandas.DataFrame object\n",
    "    '''\n",
    "    var_names = df.columns\n",
    "    cov_mat = get_cov(df)\n",
    "    result = pd.DataFrame(np.sqrt(np.diag(cov_mat)),\n",
    "                      index=var_names).transpose().rename({0: 'std'}, axis='index')\n",
    "    return result\n",
    "\n",
    "auto_reduced_std = get_std(auto_reduced)\n",
    "auto_reduced_std"
   ]
  },
  {
   "cell_type": "code",
   "execution_count": 10,
   "metadata": {},
   "outputs": [
    {
     "data": {
      "text/html": [
       "<div>\n",
       "<style scoped>\n",
       "    .dataframe tbody tr th:only-of-type {\n",
       "        vertical-align: middle;\n",
       "    }\n",
       "\n",
       "    .dataframe tbody tr th {\n",
       "        vertical-align: top;\n",
       "    }\n",
       "\n",
       "    .dataframe thead th {\n",
       "        text-align: right;\n",
       "    }\n",
       "</style>\n",
       "<table border=\"1\" class=\"dataframe\">\n",
       "  <thead>\n",
       "    <tr style=\"text-align: right;\">\n",
       "      <th></th>\n",
       "      <th>price</th>\n",
       "      <th>mpg</th>\n",
       "      <th>hroom</th>\n",
       "      <th>rseat</th>\n",
       "      <th>weight</th>\n",
       "      <th>length</th>\n",
       "      <th>gratio</th>\n",
       "    </tr>\n",
       "  </thead>\n",
       "  <tbody>\n",
       "    <tr>\n",
       "      <th>price</th>\n",
       "      <td>1.000000</td>\n",
       "      <td>-0.475735</td>\n",
       "      <td>0.127825</td>\n",
       "      <td>0.429986</td>\n",
       "      <td>0.551425</td>\n",
       "      <td>0.440162</td>\n",
       "      <td>-0.326317</td>\n",
       "    </tr>\n",
       "    <tr>\n",
       "      <th>mpg</th>\n",
       "      <td>-0.475735</td>\n",
       "      <td>1.000000</td>\n",
       "      <td>-0.409379</td>\n",
       "      <td>-0.494444</td>\n",
       "      <td>-0.822896</td>\n",
       "      <td>-0.796368</td>\n",
       "      <td>0.613727</td>\n",
       "    </tr>\n",
       "    <tr>\n",
       "      <th>hroom</th>\n",
       "      <td>0.127825</td>\n",
       "      <td>-0.409379</td>\n",
       "      <td>1.000000</td>\n",
       "      <td>0.515470</td>\n",
       "      <td>0.498372</td>\n",
       "      <td>0.513981</td>\n",
       "      <td>-0.368980</td>\n",
       "    </tr>\n",
       "    <tr>\n",
       "      <th>rseat</th>\n",
       "      <td>0.429986</td>\n",
       "      <td>-0.494444</td>\n",
       "      <td>0.515470</td>\n",
       "      <td>1.000000</td>\n",
       "      <td>0.586938</td>\n",
       "      <td>0.627170</td>\n",
       "      <td>-0.398064</td>\n",
       "    </tr>\n",
       "    <tr>\n",
       "      <th>weight</th>\n",
       "      <td>0.551425</td>\n",
       "      <td>-0.822896</td>\n",
       "      <td>0.498372</td>\n",
       "      <td>0.586938</td>\n",
       "      <td>1.000000</td>\n",
       "      <td>0.955170</td>\n",
       "      <td>-0.756719</td>\n",
       "    </tr>\n",
       "    <tr>\n",
       "      <th>length</th>\n",
       "      <td>0.440162</td>\n",
       "      <td>-0.796368</td>\n",
       "      <td>0.513981</td>\n",
       "      <td>0.627170</td>\n",
       "      <td>0.955170</td>\n",
       "      <td>1.000000</td>\n",
       "      <td>-0.695015</td>\n",
       "    </tr>\n",
       "    <tr>\n",
       "      <th>gratio</th>\n",
       "      <td>-0.326317</td>\n",
       "      <td>0.613727</td>\n",
       "      <td>-0.368980</td>\n",
       "      <td>-0.398064</td>\n",
       "      <td>-0.756719</td>\n",
       "      <td>-0.695015</td>\n",
       "      <td>1.000000</td>\n",
       "    </tr>\n",
       "  </tbody>\n",
       "</table>\n",
       "</div>"
      ],
      "text/plain": [
       "           price       mpg     hroom     rseat    weight    length    gratio\n",
       "price   1.000000 -0.475735  0.127825  0.429986  0.551425  0.440162 -0.326317\n",
       "mpg    -0.475735  1.000000 -0.409379 -0.494444 -0.822896 -0.796368  0.613727\n",
       "hroom   0.127825 -0.409379  1.000000  0.515470  0.498372  0.513981 -0.368980\n",
       "rseat   0.429986 -0.494444  0.515470  1.000000  0.586938  0.627170 -0.398064\n",
       "weight  0.551425 -0.822896  0.498372  0.586938  1.000000  0.955170 -0.756719\n",
       "length  0.440162 -0.796368  0.513981  0.627170  0.955170  1.000000 -0.695015\n",
       "gratio -0.326317  0.613727 -0.368980 -0.398064 -0.756719 -0.695015  1.000000"
      ]
     },
     "execution_count": 10,
     "metadata": {},
     "output_type": "execute_result"
    }
   ],
   "source": [
    "def get_corr(df):\n",
    "    '''\n",
    "    returns correlation dataframe of input dataframe\n",
    "    \n",
    "    params \n",
    "    ------\n",
    "    df : pandas.DataFrame object\n",
    "    \n",
    "    return\n",
    "    ------\n",
    "    result : pandas.DataFrame object\n",
    "    '''\n",
    "    cov_mat = get_cov(df)\n",
    "    std = get_std(df)\n",
    "    denom = std.transpose().dot(std)\n",
    "    result = cov_mat / denom \n",
    "    \n",
    "    return result\n",
    "\n",
    "auto_reduced_corr = get_corr(auto_reduced)\n",
    "auto_reduced_corr"
   ]
  },
  {
   "cell_type": "markdown",
   "metadata": {},
   "source": [
    "#  \n",
    "\n",
    "Write a Python code to test the significance of correlation between two input variables. Using Applicant data, test the significance of correlations between the variable pairs (LC,SC), (SC,SMS), and (LC,SMS), respectively. (P-value 계산목적으로 내장함수 사용 가능)"
   ]
  },
  {
   "cell_type": "markdown",
   "metadata": {},
   "source": [
    "First we import data. "
   ]
  },
  {
   "cell_type": "code",
   "execution_count": 11,
   "metadata": {},
   "outputs": [],
   "source": [
    "import subprocess, sys\n",
    "try:\n",
    "    from scipy import stats\n",
    "except:\n",
    "    subprocess.check_call([sys.executable, \"-m\", \"pip\", \"install\", 'scipy'])\n",
    "from scipy import stats"
   ]
  },
  {
   "cell_type": "code",
   "execution_count": 12,
   "metadata": {},
   "outputs": [],
   "source": [
    "applicant = pd.read_csv('applican.dat', header=None, delim_whitespace=True)\n",
    "applicant.columns = [\n",
    "    'ID',\n",
    "    'FL',\n",
    "    'APP',\n",
    "    'AA',\n",
    "    'LA',\n",
    "    'SC',\n",
    "    'LC',\n",
    "    'HON',\n",
    "    'SMS',\n",
    "    'EXP',\n",
    "    'DRV',\n",
    "    'AMB',\n",
    "    'GSP',\n",
    "    'POT',\n",
    "    'KJ',\n",
    "    'SUIT',\n",
    "]"
   ]
  },
  {
   "cell_type": "code",
   "execution_count": 13,
   "metadata": {},
   "outputs": [
    {
     "data": {
      "text/html": [
       "<div>\n",
       "<style scoped>\n",
       "    .dataframe tbody tr th:only-of-type {\n",
       "        vertical-align: middle;\n",
       "    }\n",
       "\n",
       "    .dataframe tbody tr th {\n",
       "        vertical-align: top;\n",
       "    }\n",
       "\n",
       "    .dataframe thead th {\n",
       "        text-align: right;\n",
       "    }\n",
       "</style>\n",
       "<table border=\"1\" class=\"dataframe\">\n",
       "  <thead>\n",
       "    <tr style=\"text-align: right;\">\n",
       "      <th></th>\n",
       "      <th>ID</th>\n",
       "      <th>FL</th>\n",
       "      <th>APP</th>\n",
       "      <th>AA</th>\n",
       "      <th>LA</th>\n",
       "      <th>SC</th>\n",
       "      <th>LC</th>\n",
       "      <th>HON</th>\n",
       "      <th>SMS</th>\n",
       "      <th>EXP</th>\n",
       "      <th>DRV</th>\n",
       "      <th>AMB</th>\n",
       "      <th>GSP</th>\n",
       "      <th>POT</th>\n",
       "      <th>KJ</th>\n",
       "      <th>SUIT</th>\n",
       "    </tr>\n",
       "  </thead>\n",
       "  <tbody>\n",
       "    <tr>\n",
       "      <th>0</th>\n",
       "      <td>1</td>\n",
       "      <td>6</td>\n",
       "      <td>7</td>\n",
       "      <td>2</td>\n",
       "      <td>5</td>\n",
       "      <td>8</td>\n",
       "      <td>7</td>\n",
       "      <td>8</td>\n",
       "      <td>8</td>\n",
       "      <td>3</td>\n",
       "      <td>8</td>\n",
       "      <td>9</td>\n",
       "      <td>7</td>\n",
       "      <td>5</td>\n",
       "      <td>7</td>\n",
       "      <td>10</td>\n",
       "    </tr>\n",
       "  </tbody>\n",
       "</table>\n",
       "</div>"
      ],
      "text/plain": [
       "   ID  FL  APP  AA  LA  SC  LC  HON  SMS  EXP  DRV  AMB  GSP  POT  KJ  SUIT\n",
       "0   1   6    7   2   5   8   7    8    8    3    8    9    7    5   7    10"
      ]
     },
     "execution_count": 13,
     "metadata": {},
     "output_type": "execute_result"
    }
   ],
   "source": [
    "applicant.head(1)"
   ]
  },
  {
   "cell_type": "code",
   "execution_count": 14,
   "metadata": {},
   "outputs": [],
   "source": [
    "def get_t_statistic_from_corr(correlation, sample_size):\n",
    "    '''\n",
    "    returns t statistic for correlation that follows t-distribution with (sample_size - 2) degrees of freedom\n",
    "    \n",
    "    params \n",
    "    ------\n",
    "    correlation : float\n",
    "    sample_size : int\n",
    "    \n",
    "    return\n",
    "    ------\n",
    "    result : float\n",
    "    '''\n",
    "    result = (correlation * np.sqrt(sample_size - 2)) / np.sqrt(1 - (correlation ** 2))\n",
    "    return result\n",
    "\n",
    "def t_test_corr(df, var1, var2, alpha=0.05, two_tailed=True):\n",
    "    '''\n",
    "    returns true/false of t-test between var1, var2\n",
    "    \n",
    "    params \n",
    "    ------\n",
    "    df : pandas.DataFrame obj\n",
    "    var1 : str | column name of variable\n",
    "    var2 : str | column name of variable\n",
    "    \n",
    "    return\n",
    "    ------\n",
    "    result : bool\n",
    "    '''\n",
    "    sample_size, _ = df.shape\n",
    "    corr_mat = get_corr(df)\n",
    "    confidence = 1 - alpha\n",
    "    corr_value = corr_mat[var1][var2]\n",
    "    t_stat = get_t_statistic_from_corr(corr_value, sample_size)\n",
    "    p_val = 1 - stats.t.cdf(t_stat, sample_size - 2)\n",
    "    \n",
    "    if two_tailed:\n",
    "        result = True if p_val < (alpha / 2) else False\n",
    "    else:\n",
    "        result = True if p_val < alpha else False\n",
    "    \n",
    "    title = f\"Correlation t-test between {var1} and {var2}\"\n",
    "    print(\"=\" * len(title))\n",
    "    print(title)\n",
    "    print(\"-\" * len(title))\n",
    "    print(f\"t-statistic : {t_stat}\")\n",
    "    print(f\"p-value : {p_val}\")\n",
    "    print(\"-\" * len(title))\n",
    "    print(f\"Can we reject H0\\nwith {confidence} confidence? : {result}\")\n",
    "    print(\"=\" * len(title))\n",
    "    \n",
    "    return result"
   ]
  },
  {
   "cell_type": "code",
   "execution_count": 15,
   "metadata": {},
   "outputs": [
    {
     "name": "stdout",
     "output_type": "stream",
     "text": [
      "====================================\n",
      "Correlation t-test between LC and SC\n",
      "------------------------------------\n",
      "t-statistic : 9.286167554204495\n",
      "p-value : 2.032041201971424e-12\n",
      "------------------------------------\n",
      "Can we reject H0\n",
      "with 0.95 confidence? : True\n",
      "====================================\n"
     ]
    },
    {
     "data": {
      "text/plain": [
       "True"
      ]
     },
     "execution_count": 15,
     "metadata": {},
     "output_type": "execute_result"
    }
   ],
   "source": [
    "t_test_corr(applicant, var1 = \"LC\", var2 = \"SC\")"
   ]
  },
  {
   "cell_type": "code",
   "execution_count": 16,
   "metadata": {},
   "outputs": [
    {
     "name": "stdout",
     "output_type": "stream",
     "text": [
      "=====================================\n",
      "Correlation t-test between SC and SMS\n",
      "-------------------------------------\n",
      "t-statistic : 9.031519908359892\n",
      "p-value : 4.6844750301033855e-12\n",
      "-------------------------------------\n",
      "Can we reject H0\n",
      "with 0.95 confidence? : True\n",
